20
1 2 1008
2 1 1008
1 3 473
3 1 473
1 6 939
6 1 939
2 4 958
4 2 958
2 5 1093
5 2 1093
3 7 237
7 3 237
3 8 402
8 3 402
4 5 921
5 4 921
4 11 333
11 4 333
5 6 664
6 5 664
6 7 572
7 6 572
7 10 754
10 7 754
8 10 437
10 8 437
8 9 616
9 8 616
8 12 1142
12 8 1142
9 10 1099
10 9 1099
9 11 762
11 9 762
10 19 860
19 10 860
11 13 169
13 11 169
12 14 728
14 12 728
12 18 19
18 12 19
13 15 291
15 13 291
13 17 164
17 13 164
14 15 965
15 14 965
14 18 188
18 14 188
14 20 481
20 14 481
15 16 155
16 15 155
16 18 130
18 16 130
16 19 1198
19 16 1198
17 19 261
19 17 261
17 20 615
20 17 615
19 20 1006
20 19 1006
