28
1 2 1008
2 1 1008
1 21 473
21 1 473
2 3 939
3 2 939
3 4 958
4 3 958
3 21 1093
21 3 1093
3 22 237
22 3 237
4 5 402
5 4 402
4 23 921
23 4 921
5 6 333
6 5 333
5 9 664
9 5 664
5 24 572
24 5 572
5 26 754
26 5 754
6 7 437
7 6 437
7 8 616
8 7 616
8 9 1142
9 8 1142
9 10 1099
10 9 1099
10 11 762
11 10 762
10 26 860
26 10 860
11 12 169
12 11 169
11 27 728
27 11 728
12 13 19
13 12 19
13 14 291
14 13 291
13 27 164
27 13 164
14 15 965
15 14 965
14 24 188
24 14 188
15 16 481
16 15 481
15 28 155
28 15 155
16 17 130
17 16 130
16 20 1198
20 16 1198
17 18 261
18 17 261
18 19 615
19 18 615
19 20 1006
20 19 1006
20 21 735
21 20 735
20 22 355
22 20 355
20 28 765
28 20 765
22 23 629
23 22 629
23 24 592
24 23 592
23 28 1167
28 23 1167
24 25 351
25 24 351
25 26 925
26 25 925
25 27 632
27 25 632
