11
1 2 1008
2 1 1008
1 6 473
6 1 473
1 3 939
3 1 939
1 4 958
4 1 958
1 5 1093
5 1 1093
1 8 237
8 1 237
2 3 402
3 2 402
3 5 921
5 3 921
4 1 333
1 4 333
4 5 664
5 4 664
4 8 572
8 4 572
5 7 754
7 5 754
5 8 437
8 5 437
5 9 616
9 5 616
5 11 1142
11 5 1142
6 8 1099
8 6 1099
7 8 762
8 7 762
8 9 860
9 8 860
8 11 169
11 8 169
9 10 728
10 9 728
9 11 419
11 9 419
10 11 291
11 10 291
