14
1 2 1008
2 1 1008
1 3 473
3 1 473
1 6 939
6 1 939
2 4 958
4 2 958
2 3 1093
3 2 1093
3 9 237
9 3 237
4 5 402
5 4 402
4 7 921
7 4 921
4 14 333
14 4 333
5 10 664
10 5 664
6 7 572
7 6 572
6 11 754
11 6 754
7 8 437
8 7 437
8 9 616
9 8 616
9 10 1142
10 9 1142
10 12 1099
12 10 1099
10 13 762
13 10 762
11 12 860
12 11 860
11 13 169
13 11 169
12 14 728
14 12 728
12 14 19
14 12 19
