46
1 2 1008
2 1 1008
1 23 473
23 1 473
2 3 939
3 2 939
2 22 958
22 2 958
3 4 1093
4 3 1093
3 20 237
20 3 237
4 5 402
5 4 402
4 17 921
17 4 921
5 6 333
6 5 333
6 7 664
7 6 664
6 15 572
15 6 572
7 8 754
8 7 754
7 14 437
14 7 437
8 9 616
9 8 616
8 11 1142
11 8 1142
8 13 1099
13 8 1099
9 10 762
10 9 762
10 11 860
11 10 860
11 12 169
12 11 169
12 13 728
13 12 728
13 14 19
14 13 19
13 34 291
34 13 291
14 15 164
15 14 164
14 33 965
33 14 965
15 16 188
16 15 188
15 17 481
17 15 481
16 18 155
18 16 155
16 31 130
31 16 130
17 18 1198
18 17 1198
17 20 261
20 17 261
18 19 615
19 18 615
18 30 1006
30 18 1006
19 20 735
20 19 735
19 21 355
21 19 355
19 27 765
27 19 765
20 21 629
21 20 629
21 22 592
22 21 592
21 24 1167
24 21 1167
21 26 351
26 21 351
22 23 925
23 22 925
23 24 632
24 23 632
24 25 923
25 24 923
24 26 480
26 24 480
25 26 1069
26 25 1069
25 41 339
41 25 339
26 27 422
27 26 422
27 28 969
28 27 969
27 40 1102
40 27 1102
28 29 83
29 28 83
29 30 1139
30 29 1139
29 38 631
38 29 631
29 39 103
39 29 103
30 31 230
31 30 230
31 32 795
32 31 795
31 38 1068
38 31 1068
32 33 418
33 32 418
32 37 77
37 32 77
33 34 24
34 33 24
34 35 549
35 34 549
34 42 75
42 34 75
35 36 285
36 35 285
36 37 1164
37 36 1164
36 42 1082
42 36 1082
36 43 1021
43 36 1021
37 38 319
38 37 319
38 39 647
39 38 647
38 43 450
43 38 450
39 40 912
40 39 912
40 41 615
41 40 615
42 44 801
44 42 801
43 44 637
44 43 637
43 45 47
45 43 47
44 45 525
45 44 525
44 46 1118
46 44 1118
45 46 1116
46 45 1116
